Slist = [0 0 0 0 0; 
         0 0 0 -1 1; 
         1 1 1 0 0; 
         0 0 0 L0 -(L0+L7); 
         0 -L1 -(L1 + L2) 0 0; 
         0 0 0 -(L1 + L2 +L3) (L1 + L2 + L3 -L5+L6)]

M = [0 -1 0 (L1 + L2 + L3 - L5 + L6); 
     1 0 0 -L4;
     0 0 1 (L0 + L7); 
     0 0 0 1]

